school_id,school_name,coordinates_lat,coordinates_lon
,,38.6193149,-8.9010708
,,38.8321946,-9.3229286
,,38.7388682,-9.1394322
,,38.8019734,-9.0986411
,,38.7556369,-9.1444045
,,38.6290056,-9.120915
,,38.7972262,-9.343582
,,38.7451422,-9.180663
,,38.8960065,-9.0349636
,,38.56061529999999,-9.0451719
,,38.7791473,-9.2633317
,,38.804215,-9.1935349
,,38.863821,-9.0720399
,,38.7785446,-9.0971777
,,38.7541002,-8.959869
,,38.6556387,-9.048646900000001
,,38.712665,-8.9774456
,,38.6497299,-8.988192999999999
,,38.9502858,-9.1978885
,,38.7025827,-9.3262392
,,38.7610525,-9.153588400000002
,,38.5190939,-9.0186222
,,38.76416870000001,-9.215775899999999
,,38.7708282,-9.3230215
,,38.7753207,-9.1075719
,,38.768198,-9.2923189
,,38.7318203,-9.2187752
,,38.8796049,-9.066102299999999
,,38.7537219,-9.232170499999999
,,38.7129234,-9.2719895
,,38.9962657,-8.9736415
,,38.8053547,-9.3788588
,,38.6834827,-9.3446012
,,38.65956240000001,-9.0617504
,,38.6573784,-9.056745099999999
,,38.6683591,-9.1647649
,,38.4511403,-9.1287071
,,38.7116945,-8.949547599999999
,,38.7096394,-9.1987442
,,38.6450109,-9.040589599999999
,,38.7328984,-9.2124352
,,38.7080758,-8.9790551
,,38.7341728,-9.1139387
,,38.7919596,-9.201068099999999
,,38.76604349999999,-9.1822046
,,38.8576836,-9.3238016
,,38.8162046,-9.1260414
,,38.5761195,-9.0486589
,,38.7605537,-9.1894976
,,38.77900460000001,-9.104495
,,38.6203107,-9.1931104
,,38.777605,-9.1447326
,,38.7672906,-9.2378498
,,38.6545543,-9.0690324
,,38.5929326,-9.040448699999999
,,38.7589417,-9.1634023
,,38.6165062,-9.1006539
,,38.6946147,-9.3554133
,,38.749862,-9.1025818
,,38.6317357,-8.9147803
,,38.7076409,-9.147433
,,38.6212791,-9.109815
,,38.7586491,-9.1410968
,,38.7274765,-9.1266775
,,38.6522605,-9.149939400000001
,,38.6973182,-9.294484299999999
,,38.92898479999999,-9.2305835
,,38.6973893,-9.224988
,,38.6645027,-9.2308646
,,38.7812251,-9.3170852
,,38.729726,-9.4473875
,,38.7584881,-9.1662634
,,38.7566289,-9.286845399999999
,,38.7716922,-9.103736099999999
,,38.6001768,-8.897217699999999
,,38.7028113,-9.276953599999999
,,38.6466376,-8.9860017
,,38.7544547,-9.2630986
,,38.7981803,-9.1736115
,,38.52155279999999,-8.8665631
,,38.8055038,-9.1314533
,,38.6404004,-8.8904578
,,38.7233689,-9.343291299999999
,,38.71161370000001,-9.235599299999999
,,38.6561888,-9.018314199999999
,,38.7687677,-9.1590326
,,38.7577321,-9.209376299999999
,,38.8071327,-9.2026905
,,38.7607273,-9.1133967
,,38.7913387,-9.1360283
,,38.6323051,-9.097980999999999
,,38.6507189,-9.0552876
,,38.8738716,-9.3980148
,,38.6900554,-9.3505611
,,38.7202366,-9.1382985
,,38.7873433,-9.306296999999999
,,38.5245486,-8.853895
,,38.9666211,-9.4180364
,,38.6206824,-9.0267882
,,38.8205186,-9.2903051
,,38.96109620000001,-9.0168199
,,38.5773878,-9.1976949
,,38.7259584,-9.157922
,,38.7555953,-9.252065199999999
,,38.7382012,-9.140320800000001
,,38.7122106,-9.156807299999999
,,38.6256407,-9.096292300000002
,,38.7118543,-9.229782499999999
,,38.7859893,-9.3048077
,,38.532222,-8.8887843
,,38.7251445,-9.333070099999999
,,38.6968274,-9.289977499999999
,,38.8752044,-9.3984277
,,38.630723,-9.1167642
,,38.708179,-8.9861077
,,38.7148607,-9.1257281
,,38.6295046,-9.1912862
,,38.7609802,-9.254586999999999
,,38.7025262,-9.392547
,,38.9566073,-9.000116
,,38.7919868,-9.1503262
,,38.7030854,-9.194967199999999
,,38.7067754,-9.1780134
,,38.7712954,-9.2923215
,,38.6221452,-9.094337099999999
,,38.7690865,-9.2343584
,,38.7118274,-9.1589297
,,38.7253616,-9.1206435
,,38.7496699,-9.1938257
,,38.6115457,-9.1882386
,,38.7469147,-9.145591399999999
,,38.7202291,-9.146238499999999
,,38.6607989,-9.0672116
,,38.8000944,-9.1454306
,,38.7156121,-9.160989899999999
,,38.7593324,-9.186533599999999
,,38.7275745,-9.2479862
,,38.8074243,-9.3255802
,,38.5383311,-8.8560894
,,38.7538756,-9.2690249
,,38.7599603,-9.2673931
,,38.7060986,-9.2246518
,,38.7663792,-9.309044199999999
,,38.740184,-9.307203
,,38.543585,-8.8811656
,,38.6478086,-9.0398027
,,38.7591429,-9.0982047
,,38.7408226,-9.1110756
,,38.7064838,-9.1890098
,,38.8199837,-9.1989542
,,38.7664478,-9.2390142
,,38.8936225,-9.0423144
,,38.7821855,-9.3260662
,,38.4724384,-9.0946043
,,38.7818431,-9.112241
,,38.7580814,-9.2670563
,,38.6905515,-9.3577689
,,38.7971622,-9.3268077
,,38.6583833,-8.9865464
,,38.593088,-9.0475657
,,38.715592,-9.1291551
,,38.6162722,-9.1150073
,,38.7453333,-8.958273499999999
,,38.80489559999999,-9.2190914
,,38.8158858,-9.1597992
,,38.7989113,-9.234199199999999
,,38.9288052,-9.0152843
,,38.4301517,-9.1894726
,,38.6391226,-9.1773372
,,38.7631404,-9.2087383
,,38.768716,-9.1900312
,,38.7398728,-9.1517629
,,38.7280788,-8.9480457
,,38.8576919,-9.0777139
,,38.7421227,-9.1347404
,,38.61908409999999,-9.098712599999999
,,38.6443921,-9.165184199999999
,,38.7275137,-9.134691499999999
,,38.699768,-9.3790517
,,38.745222,-9.111447799999999
,,38.7570041,-9.257936599999999
,,38.7300043,-9.174235999999999
,,38.8252083,-9.143280299999999
,,38.6555518,-9.0509375
,,38.719755,-9.4363782
,,38.6851317,-8.9541769
,,38.6226019,-9.1003699
,,38.9255869,-9.2343309
,,38.784626,-9.188574899999999
,,38.7121662,-9.372589999999999
,,38.6135078,-8.7805319
,,38.7767048,-9.1018511
,,38.6673295,-9.2427964
,,38.6895716,-9.3345843
,,38.6884002,-9.3360152
,,38.7484107,-9.181192099999999
,,38.6533925,-9.182849
,,38.7610498,-9.2357696
,,38.7022595,-9.3376558
,,38.6885629,-9.3540318
,,38.7174224,-9.2441196
,,38.6457778,-8.9896984
,,38.7088049,-9.139870799999999
,,38.7678041,-9.2053424
,,38.7184101,-9.3346871
,,38.6882597,-9.3331801
,,38.7556395,-9.1779767
,,38.78342749999999,-9.186081
,,38.6215198,-9.1124938
,,38.7506695,-9.2793175
,,38.7562929,-9.1372144
,,38.6294033,-9.0452248
,,38.6661689,-8.9850684
,,38.800517,-9.1830771
,,38.7921512,-9.1083643
,,38.7361237,-9.2121157
,,38.7810393,-9.3215276
,,38.7666264,-9.3042299
,,38.7099307,-8.9829274
,,38.7940904,-9.1753384
,,38.7060651,-9.4064556
,,38.7080184,-9.160130700000002
,,38.7368978,-9.3409978
,,38.7690097,-9.3000206
,,38.7794788,-9.2617311
,,38.5331552,-8.904102199999999
,,38.7123178,-9.1473598
,,38.713324,-9.1428691
,,38.6955362,-9.216516900000002
,,38.805265,-9.1964512
,,38.7350054,-9.137148999999999
,,38.7850148,-9.320926799999999
,,38.4711464,-9.1697323
,,38.5227818,-8.8760964
,,38.781473,-9.3154994
,,38.7518684,-9.149233299999999
,,38.7301962,-9.1434186
,,38.7846209,-9.3136481
,,38.7447041,-9.1920387
,,38.6637521,-9.0527898
,,38.7299221,-9.1397906
,,38.9094795,-9.3338621
,,38.8096806,-9.2336339
,,38.8930318,-9.036918
,,38.8021806,-9.3431061
,,38.8013105,-9.1039566
,,38.6648329,-9.0516014
,,38.8012296,-9.3511212
,,38.64761499999999,-9.062152400000002
,,38.7298134,-9.211247
,,38.6368029,-8.878065399999999
,,38.9286123,-9.242561499999999
,,38.6906519,-9.3275502
,,38.7333243,-9.394253299999999
,,38.6512806,-9.158072899999999
,,38.875106,-9.057668999999999
,,38.7669996,-9.2196521
,,38.75931,-9.256580399999999
,,38.6315811,-9.162069800000001
,,38.7518783,-8.9644221
,,38.6016337,-9.015579400000002
,,38.8729404,-9.357479699999999
,,38.7713156,-9.257015
,,38.7352698,-9.120798299999999
,,38.7095496,-9.3960072
,,38.525404,-8.885429199999999
,,38.8129134,-9.1628334
,,38.7509837,-9.1972472
,,38.7286298,-9.1310881
,,38.6306555,-9.163411199999999
,,38.8018708,-9.1282529
,,38.7112642,-9.156889999999999
,,38.7605125,-9.2412228
,,38.7068652,-9.187479999999999
,,38.7823478,-9.159307199999999
,,38.7496203,-9.3507974
,,38.7910832,-9.1409186
,,38.7629295,-9.3011737
,,38.6488792,-9.0231239
,,38.79790819999999,-9.3296104
,,38.81698189999999,-9.1363605
,,38.8081863,-9.099984599999999
,,38.9617714,-8.5366894
,,38.7728202,-9.2962401
,,38.7919091,-9.1507951
,,38.8121262,-9.1595014
,,38.9407772,-9.3285664
,,38.75609439999999,-9.094721500000002
,,38.7319772,-9.1284117
,,38.7043466,-9.1853882
,,38.953034,-9.0122571
,,38.6252357,-9.2039366
,,38.52281869999999,-8.8881877
,,38.7218558,-9.116541699999999
,,38.66957,-9.239099
,,38.7712896,-9.2499776
,,38.52318,-8.9156111
,,38.7479359,-9.1779502
,,38.7597306,-9.1715289
,,38.7322599,-9.1511356
,,38.7228542,-8.9163376
,,38.9957443,-9.3349693
,,38.7916879,-9.1938338
,,38.709385,-8.974756
,,38.5863727,-9.1598235
,,38.7513566,-9.1304003
,,38.7294286,-9.1638311
,,38.64887179999999,-9.1599722
,,38.5719729,-8.9023577
,,38.7711288,-9.313829499999999
,,38.697185,-9.3758041
,,38.8250632,-9.1726422
,,38.75683859999999,-9.28335
,,38.7602097,-9.2677072
,,38.628345,-9.086611
,,38.8572316,-9.07387
,,38.8643954,-9.0636385
,,38.768776,-9.1967304
,,38.7931237,-9.1807517
,,38.6566178,-9.075325699999999
,,38.7608278,-9.189375
,,38.8213063,-9.1037219
,,38.7976166,-9.1916928
,,38.9363468,-9.259350699999999
,,38.8459923,-9.3417016
,,38.5278433,-8.8888701
,,38.7099046,-9.275414699999999
,,38.69996030000001,-9.2391296
,,38.539558,-8.8764205
,,38.9152384,-9.0273683
,,38.7408301,-9.1717365
,,38.7674782,-9.1936211
,,38.9062819,-9.0439939
,,38.5469381,-9.0217665
,,38.7539218,-9.2301664
,,38.7253347,-9.1572944
,,38.6986245,-9.316409499999999
,,38.7588165,-9.124389899999999
,,38.9223546,-9.2354471
,,38.6321233,-9.037306500000001
,,41.218912,-8.6963065
,,38.719325,-9.159234
,,38.7474522,-9.2049053
,,38.6768082,-9.1517387
,,38.631954,-9.1492155
,,38.5576766,-8.766790400000001
,,38.6497877,-9.048173799999999
,,38.7466741,-9.1426608
,,38.7854418,-9.3463152
,,38.7180063,-9.1616657
,,38.5749376,-8.9008669
,,38.6479367,-9.063056699999999
,,38.5291708,-8.886859
,,38.774278,-9.2700751
,,38.6906519,-9.3275502
,,38.7239285,-9.2240589
,,38.7749978,-9.3054033
,,38.6323701,-9.198442
,,38.7057364,-9.1773806
,,38.5657964,-9.1002486
,,38.7054553,-9.3835596
,,38.7110482,-9.167363
,,38.752738,-9.153415899999999
,,38.7417879,-9.1631216
,,38.7506151,-9.1310936
,,38.7742455,-9.3135934
,,38.787095,-9.3223308
,,38.7095565,-9.214377299999999
,,38.7996793,-9.3784472
,,38.7162785,-9.1294468
,,38.7688768,-9.2393822
,,38.6336038,-9.2010883
,,38.9292999,-9.25152
,,38.8589991,-9.3342335
,,38.4741841,-9.1409223
,,38.7653893,-9.153651199999999
,,38.7187081,-9.3021034
,,38.7604827,-9.230585699999999
,,38.7552392,-9.2846221
,,38.802501,-9.232725499999999
,,38.6608548,-9.164100999999999
,,38.7139808,-9.4369449
,,38.7807794,-9.1063808
,,38.7683591,-9.2572223
,,38.7042584,-9.4004511
,,38.859259,-9.133681900000001
,,38.640888,-9.1775349
,,38.7505433,-9.350102399999999
,,38.8162046,-9.1260414
,,38.7456192,-9.2699831
,,38.76902010000001,-9.198176499999999
,,38.6833462,-9.1570307
,,38.7791805,-9.115424599999999
,,38.7300835,-9.1298491
,,38.766632,-9.1132825
,,38.7707394,-9.3129455
,,38.7302678,-9.407079999999999
,,38.6312638,-9.116131
,,38.7737778,-9.157872
,,38.7353875,-9.1654659
,,38.904408,-9.414931
,,38.773911,-9.4787957
,,38.8142035,-9.3889851
,,38.6535057,-9.1453781
,,38.7065991,-9.350933699999999
,,38.7808033,-9.1143354
,,38.5260369,-8.8952871
,,38.7123668,-9.227186699999999
,,38.8004091,-9.3749001
,,38.6664294,-9.184346699999999
,,38.7566574,-9.360273099999999
,,38.6420481,-9.158632299999999
,,38.8636082,-9.3284594
,,38.9371448,-9.335296
,,38.6833619,-9.1528125
,,38.6392895,-9.0456789
,,38.9386956,-9.0154417
,,38.7505901,-9.145992399999999
,,38.7305595,-9.138995999999999
,,38.8019953,-9.2369569
,,38.7053425,-9.3942807
,,38.6870144,-9.3399754
,,38.761632,-9.1162795
,,38.7633546,-9.2369994
,,38.7131919,-9.1328389
,,38.8066473,-9.098739
,,38.8058501,-9.1759785
,,38.7617789,-9.2374438
,,38.6634282,-9.0465477
,,38.6153598,-9.0909508
,,38.7111505,-9.1482025
,,38.7460304,-9.1208674
,,38.7393011,-9.1815482
,,38.7560678,-9.14721
,,38.7792526,-9.229387599999999
,,38.5254805,-8.9970948
,,38.8086874,-9.1896366
,,38.7047476,-9.415792699999999
,,38.7458637,-9.3895167
,,38.8613977,-9.0783638
,,38.7863639,-9.3475036
,,38.81071439999999,-9.1746894
,,38.6084975,-9.1802467
,,38.7140496,-9.1676674
,,38.7133931,-9.3487964
,,38.7555953,-9.252065199999999
,,38.718539,-9.4627231
,,38.7108599,-9.205644
,,38.8087494,-9.3794497
,,38.6920614,-9.3194594
,,38.72215449999999,-9.1437776
,,38.7205387,-9.1202388
,,38.7681009,-9.2297678
,,38.6091276,-9.0912357
,,38.7786671,-9.298135
,,38.475017,-9.155734
,,38.852917,-9.1672815
,,38.939506,-9.3360662
,,38.627182,-9.0864354
,,38.7196465,-9.1208549
,,38.6566178,-9.075325699999999
,,38.8753897,-9.060912
,,38.7022809,-9.3839093
,,38.8010423,-9.4577241
,,38.738474,-9.139016999999999
,,38.73468889999999,-9.3912552
,,38.7443609,-9.134951
,,38.745661,-9.2817563
,,38.7597311,-9.1675309
,,38.8434586,-9.1602558
,,38.7812251,-9.3170852
,,38.850617,-9.3806865
,,38.922362,-9.2352662
,,38.7078229,-9.2070318
,,38.7225454,-9.0029319
,,38.6295833,-9.0466716
,,38.7003356,-9.2168333
,,38.6464573,-8.9856818
,,38.8015434,-9.374320299999999
,,38.7110134,-8.966972799999999
,,38.72437360000001,-9.2637472
,,38.7899365,-9.1653878
,,38.6985489,-9.419163
,,38.7678688,-9.232921
,,38.6486422,-9.022138499999999
,,38.9404409,-9.338221599999999
,,38.7536819,-9.1455519
,,38.6355832,-8.9100985
,,38.7164119,-9.1586021
,,38.8632809,-9.1589803
,,38.7572445,-9.2674246
,,38.7423005,-9.202198400000002
,,38.7647007,-9.2156875
,,38.7705235,-9.2274335
,,38.6302876,-9.117296699999999
,,38.7390211,-9.1032429
,,38.749042,-9.1681197
,,38.6829717,-8.6649129
,,38.7488492,-9.190617099999999
,,38.5987567,-8.9283927
,,38.9016538,-9.119699599999999
,,38.7034408,-9.3412805
,,38.7520814,-9.1036103
,,38.8092842,-9.1846915
,,38.6958327,-9.369220799999999
,,38.74590620000001,-9.1774919
,,38.7918939,-9.3194602
,,38.5160863,-9.0166249
,,38.7514818,-9.2798689
,,39.0363865,-9.369341
,,38.68229669999999,-9.321289199999999
,,38.8006517,-9.160913599999999
,,38.6103746,-9.133622299999999
,,38.6135078,-8.7805319
,,38.6855143,-9.3261607
,,38.7847937,-9.313362099999999
,,38.8538698,-9.1435133
,,38.767812,-9.2225199
,,38.9930005,-8.972828999999999
,,38.7819209,-9.317175299999999
,,38.7133912,-9.3452852
,,38.655178,-9.1634303
,,38.9418122,-9.3359116
,,38.7828404,-9.148985
,,38.6538533,-9.1431074
,,38.6308354,-9.094896199999999
,,38.5411723,-8.8837539
,,38.796623,-9.3518039
,,38.7362816,-9.2670383
,,38.62750140000001,-9.1240809
,,38.9340929,-9.208962399999999
,,38.6393546,-9.1812951
,,38.8109718,-9.1668452
,,38.703808,-9.4359191
,,38.7518493,-8.963904500000002
,,38.8185353,-9.395977
,,38.757826,-9.1360317
,,38.7407292,-9.1461785
,,38.9067789,-9.0435802
,,38.6544667,-9.0384902
,,39.0074768,-9.377423400000001
,,38.7506637,-9.203598
,,38.5306792,-8.8897992
,,38.7881608,-9.1887767
,,38.7559279,-9.1364012
,,38.6576279,-9.025278499999999
,,38.6769203,-9.1589745
,,38.7349152,-9.368175599999999
,,38.7602735,-9.2663978
,,38.7475062,-9.2113443
,,38.8275565,-9.174995599999999
,,38.6213309,-9.0933563
,,38.77072,-9.162264000000002
,,38.7481595,-9.281324999999999
,,38.6372837,-8.9122606
,,38.7352572,-9.130171299999999
,,38.7719669,-9.1027468
,,38.8027473,-9.182431800000002
,,38.83228709999999,-9.177988899999999
,,38.7663612,-9.115777999999999
,,38.7488392,-9.2318619
,,38.8681546,-9.0640623
,,38.6309804,-9.1601336
,,38.5412046,-8.8938379
,,38.7337388,-9.438587799999999
,,38.7108599,-9.205644
,,38.7266928,-9.1306728
,,38.7384299,-9.2114949
,,38.7171384,-9.254048599999999
,,38.717486,-9.1702044
,,38.7489225,-9.2279161
,,38.6266449,-9.193554599999999
,,38.7019896,-9.438102899999999
,,38.7171221,-9.3481971
,,38.7748928,-9.1502153
,,38.8643177,-9.0932128
,,38.65810990000001,-9.0444251
,,38.7919041,-9.3303795
,,38.7212101,-9.1289072
,,38.8528873,-9.3837612
,,38.7717791,-9.2876321
,,38.7261136,-9.124748499999999
,,38.6309804,-9.1601336
,,38.5283261,-8.9084471
,,38.7162785,-9.1294468
,,38.5373942,-8.8901393
,,38.7694579,-9.2313372
,,38.7476784,-9.1437343
,,38.7810296,-9.1206338
,,38.8609453,-9.0663381
,,38.6670919,-9.049629999999999
,,38.5443633,-8.893488
,,38.7971247,-9.351547600000002
,,38.8586738,-9.1355408
,,38.7361178,-9.155678800000002
,,38.521552,-8.8144695
,,38.7390836,-9.221965299999999
,,38.7197099,-9.4361258
,,38.7717791,-9.2876321
,,38.6215334,-9.1012602
,,38.661048,-9.1971739
,,38.5970133,-9.0924918
,,38.7474882,-9.1966541
,,38.6221898,-9.115343099999999
,,38.7696307,-9.106354500000002
,,38.6735927,-9.189078199999999
,,38.9827922,-9.278115699999999
,,38.7689368,-9.3799907
,,38.8077696,-9.0992758
,,38.67454920000001,-9.1644998
,,38.7506151,-9.1310936
,,38.6336748,-8.915625499999999
,,38.799394,-9.1775335
,,38.826459,-9.094816699999999
,,38.6613007,-9.1630861
,,38.7403248,-9.1721148
,,38.644199,-9.1576819
,,38.79724360000001,-9.1931332
,,38.6996231,-9.3795161
,,38.6567498,-9.048936
,,38.7962773,-9.3461766
,,38.7537494,-9.446480099999999
,,38.6939685,-9.3112286
,,38.7334367,-9.114569699999999
,,38.6320901,-9.125466099999999
,,38.6919305,-9.3369459
,,38.7064838,-9.1890098
,,38.7164119,-9.1586021
,,38.7600875,-9.2470632
,,38.71969319999999,-9.142322499999999
,,38.8074243,-9.3255802
,,38.767715,-9.1921923
,,38.5297188,-8.8864883
,,38.5219508,-8.818186899999999
,,38.8460536,-9.084782299999999
,,38.6685372,-8.5874557
,,38.777477,-9.2948352
,,38.774495,-9.154272
,,38.8079572,-9.1719109
,,38.8112743,-9.1576369
,,38.6995356,-9.291648799999999
,,38.7641737,-9.121708199999999
,,38.8734863,-9.0827105
,,38.7041738,-9.1974879
,,38.8261504,-9.1672835
,,38.53987830000001,-8.8472162
,,38.6512913,-9.2024527
,,38.7353875,-9.1654659
,,38.7788716,-9.195966499999999
,,38.83029579999999,-9.0995249
,,38.9676531,-9.4110414
,,38.7300456,-9.149467999999999
,,38.8088549,-9.204832
,,38.5389553,-9.0290912
,,38.6761075,-9.1570387
,,38.7064146,-9.1800417
,,38.681428,-8.9639554
,,38.7007348,-9.4197195
,,38.6574052,-8.9952573
,,38.7600074,-9.183709499999999
,,38.64589,-8.9885436
,,38.6652041,-9.1983905
,,38.8120099,-9.3711023
,,38.7478513,-9.2234097
,,38.7530627,-9.1540888
,,38.767837,-9.099770999999999
,,38.6687332,-9.0493313
,,38.6698859,-9.238283
,,38.7466466,-9.219291
,,38.760721,-9.1294769
,,38.792839,-9.1905272
,,38.73117500000001,-9.173984899999999
,,38.6359696,-8.9578881
,,38.6534488,-9.144592399999999
,,38.8130564,-9.228501399999999
,,38.655937,-9.1561817
,,38.7436005,-9.1115815
,,38.6950867,-9.3716437
,,38.7387334,-9.1432937
,,38.6051566,-9.185435199999999
,,38.7157785,-9.4219154
,,38.9664255,-9.4058495
,,38.8275565,-9.174995599999999
,,38.9891124,-8.971870299999999
,,38.4448192,-9.1004145
,,38.7951224,-9.171786299999999
,,38.7117181,-9.4163373
,,38.7079621,-9.2239705
,,38.6958952,-9.3288184
,,38.7149611,-9.1550253
,,38.801035,-9.4167522
,,38.7951711,-9.1086166
,,38.7550056,-9.2269658
,,38.7165121,-9.1280375
,,38.6904235,-9.3027296
,,38.74707069999999,-9.217278499999999
,,38.651377,-9.0590994
,,38.6922132,-9.352561999999999
,,38.7688286,-9.3028417
,,38.7947648,-9.1707214
,,38.7351975,-9.136573499999999
,,38.7905692,-9.193020299999999
,,38.6478086,-9.0398027
,,38.5721984,-8.8806914
,,38.708322,-9.21605
,,38.5247628,-8.8900983
,,38.8014449,-9.1911522
,,38.724007,-9.262435199999999
,,38.5212453,-8.8461575
,,38.8075418,-9.1917599
,,38.6711737,-9.178993799999999
,,38.6483272,-9.2336963
,,38.6516244,-9.06045
,,38.7049398,-8.9287457
,,38.6479106,-9.184247899999999
,,38.8696117,-9.0932821
,,39.0039556,-9.415839799999999
,,38.6294033,-9.0452248
,,38.6329496,-9.1702224
,,38.65332739999999,-9.148660099999999
,,38.7961756,-9.2184644
,,38.9271658,-9.0060904
,,38.8734863,-9.0827105
,,38.8722595,-9.3979509
,,38.7026942,-9.3890412
,,38.7663612,-9.115777999999999
,,38.7172896,-9.173123799999999
,,38.5272041,-8.8852592
,,38.868894,-9.062036899999999
,,38.7080758,-8.9790551
,,38.7323672,-9.2132765
,,38.7521789,-9.230529599999999
,,38.724213,-9.1371877
,,38.6703549,-9.2339213
,,39.4502522,-8.0238966
,,38.7174318,-9.4259503
,,38.730039,-9.1395689
,,38.6283569,-8.9124609
,,38.6978161,-9.2193481
,,38.7945623,-9.1932107
,,38.8188893,-9.1667962
,,38.6685372,-8.5874557
,,38.7032041,-9.2923903
,,38.7100003,-9.1452493
,,38.76003040000001,-9.2666535
,,38.71094360000001,-9.2424048
,,38.7204152,-9.1496873
,,38.7114339,-9.3036881
,,38.8536104,-9.326560299999999
,,38.6545988,-9.0381013
,,38.770028,-9.2967047
,,38.8291177,-9.16297
,,38.7641932,-9.277085699999999
,,41.3406373,-8.4783537
,,38.5708713,-8.900883799999999
,,38.723762,-9.1350573
,,38.7942717,-9.1944128
,,38.7561994,-9.2419012
,,38.5601802,-9.052261999999999
,,38.7096559,-9.1394956
,,38.7845758,-9.3289073
,,38.7991921,-9.2078516
,,38.8702684,-9.1223295
,,38.7899737,-9.2221156
,,38.5777434,-9.0807831
,,38.6002951,-9.1802983
,,38.7397284,-9.140119799999999
,,38.9983955,-8.9718634
,,38.76364770000001,-9.2630344
,,38.728244,-9.139270999999999
,,38.7358734,-9.148057699999999
,,38.62210719999999,-8.912242299999999
,,38.8368009,-9.0925958
,,38.5644243,-9.0683718
,,38.7506844,-9.2002287
,,38.6974557,-9.2985582
,,38.8354345,-9.088229
,,38.618645,-9.1244281
,,38.8231353,-9.2075588
,,38.7526956,-9.123998199999999
,,38.5227144,-8.8578092
,,38.7092268,-9.1711416
,,38.772765,-9.1902671
,,38.7932563,-9.169298
,,38.7129565,-9.436760999999999
,,38.7873735,-9.304070699999999
,,38.7474157,-9.181096799999999
,,38.7114989,-9.2306762
,,38.7570418,-9.2359022
,,38.63079,-9.191269499999999
,,38.523909,-8.8813781
,,38.7220545,-9.119038699999999
,,38.7334207,-9.2039239
,,38.7544826,-9.2526831
,,38.7511487,-9.2024244
,,38.8502982,-9.0800276
,,38.5267175,-8.8971152
,,38.7688724,-9.2186351
,,38.8068961,-9.1001438
,,38.767903,-9.1666007
,,38.6297262,-8.737454
,,38.828674,-9.1686789
,,38.70459630000001,-9.379235699999999
,,38.754618,-9.1450687
,,38.8142035,-9.3889851
,,38.711851,-9.4205045
,,38.7014049,-9.217965099999999
,,38.7081178,-8.9563325
,,38.7854418,-9.3463152
,,38.7554269,-9.137955999999999
,,38.7528571,-9.1495745
,,38.8718618,-9.058876699999999
,,38.5711862,-8.9092044
,,38.754383,-9.1501865
,,38.7690067,-9.1066258
,,38.6807512,-9.1585611
,,38.749676,-9.1955083
,,38.7106676,-9.3865772
,,38.8238206,-9.1439051
,,38.7450456,-9.3067573
,,38.713241,-9.134672799999999
,,38.7385706,-9.1466476
,,38.9041058,-9.1038564
,,38.7472164,-9.1360887
,,38.6687498,-9.1568581
,,38.67839499999999,-9.1532672
,,38.68897279999999,-9.3123304
,,38.5281785,-8.9090166
,,38.6450373,-9.2053088
,,38.7217336,-9.2462222
,,38.8239518,-9.1654216
,,38.7976355,-9.1903609
,,38.7543048,-9.1473257
,,38.8066473,-9.098739
,,38.6799937,-9.155007999999999
,,38.735703,-9.3614
,,38.6697608,-9.1610285
,,38.74529980000001,-9.1809125
,,38.6610874,-9.154780800000001
,,-17.0357856,-39.5301256
,,38.8136745,-9.1690744
,,38.7481117,-9.301765999999999
,,38.47374300000001,-9.0922123
,,38.7850148,-9.320926799999999
,,38.7593385,-9.1099734
,,38.6942262,-9.3273374
,,38.7171384,-9.254048599999999
,,38.726809,-9.2168174
,,38.5203995,-8.8474258
,,38.6560112,-9.063412399999999
,,38.8019585,-9.1639778
,,38.6815588,-9.1608466
,,38.7451096,-9.227012199999999
,,38.7046359,-9.177026399999999
,,38.9328768,-9.327861
,,38.7589769,-9.2278419
,,38.4488162,-9.103543799999999
,,38.6393954,-9.100849499999999
,,38.6665643,-9.1883511
,,38.7674621,-9.121086
,,38.7554526,-9.2506905
,,38.5694206,-8.8348959
,,38.8144219,-9.368424
,,38.700437,-9.42396
,,38.8106259,-9.163901599999999
,,38.8283714,-9.168979799999999
,,38.70743300000001,-9.206920199999999
,,38.7995291,-9.446823799999999
,,38.783788,-9.3369609
,,38.7239847,-9.0029117
,,38.778543,-9.2974778
,,38.6659581,-8.7364645
,,38.7911028,-9.179846999999999
,,38.7641737,-9.121708199999999
,,38.7064604,-8.962104499999999
,,38.7532488,-9.2132866
,,38.6295833,-9.0466716
,,38.5999203,-9.0194943
,,38.4687915,-9.093135799999999
,,38.8052441,-9.1646801
,,38.569378,-8.9441452
,,38.7310594,-9.215768299999999
,,38.7300835,-9.1298491
,,38.729357,-9.244955599999999
,,38.5550813,-9.0212948
,,38.62705529999999,-9.1168018
,,38.7919259,-9.1228313
,,38.6260233,-9.1620484
,,38.6517525,-8.9724998
,,38.7807794,-9.1063808
,,38.7061232,-9.158879299999999
,,38.70985599999999,-9.438734799999999
,,38.7859725,-9.0963449
,,38.9578731,-8.992337
,,38.7615023,-9.205328
,,38.7350882,-9.1585743
,,38.7118274,-9.1589297
,,38.7452503,-9.1137968
,,38.7140981,-9.1613676
,,38.7378377,-9.1292846
,,38.6904023,-9.329243
,,38.763439,-9.1634207
,,38.7168627,-9.4372771
,,38.52246150000001,-8.8611753
,,38.711273,-8.9679086
,,38.7518684,-9.149233299999999
,,38.8025955,-9.1592088
,,38.7995703,-9.3144114
,,38.7128909,-9.2111766
,,38.6622445,-9.0461502
,,38.9565377,-9.0395749
,,38.6809716,-8.9839751
,,38.8273102,-9.1042664
,,38.654155,-9.1613065
,,38.7128702,-9.1757887
,,38.7589769,-9.2278419
,,38.9404409,-9.338221599999999
,,38.7239285,-9.2240589
,,38.7147525,-9.3055617
,,38.88048209999999,-9.1552151
,,38.728601,-9.2836182
,,38.7278058,-9.1366651
,,38.7555953,-9.252065199999999
,,38.6725887,-9.170891
,,38.7558172,-9.2690097
,,38.8157167,-9.2139244
,,38.5657943,-9.0438648
,,38.8042105,-9.225721199999999
,,38.6346655,-9.1319952
,,38.7994496,-9.375843699999999
,,38.74405429999999,-9.148383299999999
,,38.6314322,-9.1019688
,,38.7900096,-9.322744499999999
,,38.7230895,-9.1151693
,,38.4749597,-9.1557598
,,38.7329629,-9.1403467
,,38.6288085,-9.116865899999999
,,38.6628704,-9.0546752
,,38.745159,-9.1073138
,,38.7697442,-9.299025499999999
,,38.6803886,-9.1603997
,,38.8142726,-9.201284399999999
,,38.9560642,-8.9909017
,,38.6985489,-9.419163
,,38.7884013,-9.175412
,,38.6980526,-9.195039200000002
,,38.7599086,-9.151737899999999
,,38.9031303,-9.191393099999999
,,38.618592,-9.1223051
,,38.7693391,-9.311691399999999
,,38.7534889,-9.286978099999999
,,38.52353129999999,-8.850959
,,38.9155079,-9.320559399999999
,,38.7158109,-9.15827
,,38.7150596,-9.4371586
,,38.7119911,-9.2408698
,,38.7083107,-9.161598
,,38.7362849,-9.1274637
,,38.7891056,-9.3217457
,,38.8592759,-9.0800555
,,38.6447924,-9.0541719
,,38.7118486,-9.1285168
,,38.7477775,-9.1933682
,,38.6683591,-9.1647649
,,38.7513566,-9.1304003
,,38.7022337,-9.3265615
,,38.78806160000001,-9.1814284
,,38.8298044,-9.1048376
,,38.7565824,-9.107737499999999
,,38.6820826,-9.151717099999999
,,38.7284503,-9.1332867
,,38.7168403,-9.437143599999999
,,38.7555922,-9.2035097
,,38.7656731,-9.182
,,38.6953368,-9.2940652
,,38.6683591,-9.1647649
,,38.6508334,-9.2031159
,,38.9300281,-9.295877599999999
,,38.7159281,-9.4417549
,,38.748316,-8.9677466
,,38.6514584,-9.1474592
,,38.7189965,-9.2327441
,,38.8275565,-9.174995599999999
,,38.8612132,-9.3917938
,,38.6765398,-9.1651154
,,38.874223,-9.0551651
,,38.774495,-9.154272
,,39.005243,-8.9556728
,,38.7676249,-9.1593543
,,38.714996,-9.446596
,,38.5260965,-8.902020799999999
,,38.7017269,-8.9521132
,,38.7296902,-9.1460833
,,38.7731643,-9.1720731
,,38.5273502,-8.8728356
,,38.8759281,-9.0547203
,,38.7644171,-9.214738299999999
,,38.567755,-8.9027827
,,38.6555164,-9.160708999999999
,,38.7625386,-9.2416672
,,38.7604004,-9.2471266
,,38.735637,-9.4019924
,,38.6988846,-9.354070799999999
,,38.8829604,-9.098917199999999
,,38.6060735,-9.1790833
,,38.7058276,-9.2263287
,,38.7562359,-9.1419632
,,38.759347,-9.3866981
,,38.5670486,-9.1017267
,,38.75151630000001,-9.112163299999999
,,38.8233055,-9.0931874
,,38.7181416,-9.2412674
,,38.7114726,-9.1282392
,,38.6261926,-9.0488152
,,38.761073,-9.2281163
,,38.670903,-9.1673207
,,38.7123154,-9.2025128
,,38.7764145,-9.2340311
,,38.6794817,-9.151187
,,38.7715592,-9.2503769
,,38.7514189,-9.281680699999999
,,38.67839499999999,-9.1532672
,,38.8269061,-9.1018709
,,38.8446954,-9.3163241
,,38.6774863,-9.1549585
,,38.7242906,-9.1629094
,,38.6566178,-9.075325699999999
,,38.7968163,-9.3340015
,,38.5899635,-9.1578307
,,38.6295896,-9.1547976
,,38.7261266,-9.1323327
,,38.6384518,-9.177967899999999
,,38.5309122,-8.866595
,,38.62494119999999,-9.048779099999999
,,38.713641,-9.1655946
,,38.5970133,-9.0924918
,,38.8359635,-9.3684357
,,38.7174142,-9.146990299999999
,,38.8155701,-9.224638299999999
,,38.849342,-9.379190099999999
,,38.7521697,-9.2051374
,,38.6937133,-9.3682839
,,38.604063,-9.184016999999999
,,38.6806502,-9.155598699999999
,,38.7078159,-9.4344331
,,38.5314776,-8.8707798
,,38.4665231,-9.0887946
,,38.6561606,-9.0484317
,,38.800517,-9.1830771
,,38.6878242,-9.3554363
,,38.52155279999999,-8.8665631
,,38.7647007,-9.2156875
,,38.6179806,-9.017718499999999
,,38.7407292,-9.1461785
,,38.9369636,-9.3325742
,,38.7628759,-9.182029
,,38.780793,-9.1589001
,,38.773693,-9.1185475
,,38.9735386,-9.3282166
,,38.7635686,-9.1142059
,,38.7508635,-9.232276599999999
,,38.76481589999999,-9.2624912
,,38.7044041,-9.4188858
,,38.7323672,-9.2132765
,,38.8058501,-9.1759785
,,38.7554748,-9.1739116
,,38.7056801,-8.9680426
,,38.7018776,-9.429107
,,38.7910893,-9.1505786
,,38.6228178,-9.111382899999999
,,38.7388555,-9.142860299999999
,,38.7032852,-9.393402799999999
,,38.8677518,-9.3133378
,,38.8090716,-9.4425268
,,38.6100316,-9.179944299999999
,,38.69696709999999,-9.4337216
,,38.78496150000001,-9.2154056
,,38.75371519999999,-9.1171512
,,38.8015434,-9.374320299999999
,,38.7751258,-9.1624378
,,38.6179164,-9.1148175
,,38.7665984,-9.161573599999999
,,38.700406,-9.3543886
,,38.6457077,-9.1861898
,,38.7654661,-9.3199733
,,38.73468889999999,-9.3912552
,,38.4750235,-9.0914383
,,38.6768082,-9.1517387
,,38.6977164,-9.3262148
,,38.9936643,-9.3956042
,,38.64589,-8.9885436
,,38.708366,-9.146455699999999
,,38.5704425,-9.0004986
,,38.6543515,-9.0287791
,,38.7608442,-9.095187899999999
,,38.7515048,-9.1410219
,,38.6057948,-8.9431441
,,38.61272880000001,-9.1257813
,,38.5690889,-9.0407657
,,38.525244,-8.8770668
,,38.6434058,-9.035844599999999
,,38.69978589999999,-9.443125799999999
,,38.7033844,-9.386047699999999
,,38.5262659,-8.8664183
,,38.69660340000001,-9.352693799999999
,,38.7083029,-9.445478
,,38.9720122,-8.982816399999999
,,38.86296,-9.0659843
,,38.7032041,-9.2923903
,,38.7301914,-9.108218899999999
,,38.7544547,-9.2630986
,,38.730912,-9.1500711
,,38.6555164,-9.160708999999999
,,38.766531,-8.6275769
,,38.6294033,-9.0452248
,,38.6245886,-9.160818899999999
,,38.6686902,-9.190943599999999
,,38.6989143,-9.297763999999999
,,38.893462,-9.042019
,,38.7919273,-9.1106829
,,38.7822737,-9.157932100000002
,,38.7311282,-9.4039012
,,38.6565542,-9.0509307
,,38.5703683,-9.0454081
,,38.8273647,-9.3598061
,,38.6449561,-9.0612821
,,38.7475035,-9.2932768
,,38.70770539999999,-9.3931879
,,38.8238381,-9.096067699999999
,,38.7626947,-9.1681032
,,38.6320913,-9.1443163
,,38.7641925,-9.1561121
,,38.5939087,-9.041369999999999
,,38.6679323,-9.2036026
,,38.7600391,-9.1913757
,,38.7968285,-9.1951263
,,38.7325921,-9.1276123
,,38.5272041,-8.8852592
,,38.7587852,-9.2771714
,,38.8908933,-9.036344999999999
,,38.7872143,-9.1914857
,,38.6843357,-8.613650699999999
,,38.760286,-9.209433800000001
,,39.00253,-9.284990900000002
,,38.7265576,-9.1251383
,,38.7197678,-9.156513000000002
,,38.7350697,-9.1654974
,,38.6995309,-9.2126114
,,38.73117500000001,-9.173984899999999
,,38.5374003,-9.0017657
,,38.6772449,-9.0077711
,,38.7598491,-9.1230846
,,38.7514564,-9.2789635
,,38.6769664,-9.176217399999999
,,38.6393532,-9.099335500000002
,,38.6492295,-9.2311895
,,38.7372833,-9.311395
,,38.6467701,-9.1463936
,,38.741634,-9.209788099999999
,,38.7782199,-9.2551425
,,38.9328768,-9.327861
,,38.7822299,-9.3184729
,,38.65293140000001,-9.0606948
,,38.77641879999999,-9.2912698
,,38.7666529,-9.1227777
,,38.7894121,-9.3324474
,,38.8337679,-9.1914561
,,38.7973687,-9.3520036
,,38.9434022,-9.3364095
,,38.7487463,-8.962601
,,38.7375433,-9.135537
,,38.6714085,-9.1637486
,,38.7036275,-9.3091581
,,38.6548966,-8.9920651
,,38.5292702,-8.8712396
,,38.80686360000001,-9.1002262
,,38.6987383,-9.4253428
,,38.7097254,-9.2264065
,,38.7199699,-9.2241775
,,38.6500635,-9.044030099999999
,,38.8641267,-9.0663979
,,38.70507370000001,-9.205258299999999
,,38.7591318,-9.2737371
,,38.79765,-9.164414899999999
,,38.7422622,-9.2164583
,,38.769497,-9.3333143
,,38.7201331,-9.1676707
,,38.7156868,-9.462285699999999
,,38.9276014,-9.0100436
,,38.8663056,-9.0616881
,,38.7130494,-9.240579199999999
,,38.717486,-9.1702044
,,38.7128319,-9.145075499999999
,,38.7605125,-9.2412228
,,38.8682128,-9.1513267
,,38.6013883,-9.006909799999999
,,38.7275606,-9.131573099999999
,,41.17961,-8.1594956
,,38.5397534,-8.8939311
,,38.9502858,-9.1978885
,,38.8876909,-9.0475228
,,38.8748145,-9.0854608
,,38.7661374,-9.3197145
,,38.7722792,-9.377131
,,38.6654847,-9.177349099999999
,,38.57969190000001,-8.887212
,,38.7484922,-9.2822716
,,38.9210025,-9.2925687
,,38.567755,-8.9027827
,,38.8605804,-9.0739741
,,38.7252549,-9.3737312
,,38.7479614,-9.1854776
,,38.7353289,-9.145644899999999
,,38.8808855,-9.191985200000001
,,38.6339743,-8.909741
,,38.7084462,-8.9738145
,,38.6083264,-9.0012382
,,38.7945623,-9.1932107
,,38.6168471,-9.095346
,,38.7655598,-9.2991169
,,38.76736289999999,-9.2016441
,,38.8040911,-9.3411136
,,38.7127404,-9.3117264
,,38.6523372,-9.160681499999999
,,38.818954,-9.409998
,,38.5672396,-8.9393992
,,38.7779292,-9.2203486
,,38.6865571,-8.6606749
,,38.7792526,-9.229387599999999
,,38.7164593,-9.2996007
,,38.7676038,-9.3122594
,,38.73501,-9.224973799999999
,,38.7039613,-9.2521009
,,38.7993397,-9.1628191
,,38.7011468,-9.294134099999999
,,38.7454734,-9.2209343
,,38.95431850000001,-9.001281900000002
,,38.9891124,-8.971870299999999
,,38.8377502,-9.089830899999999
,,38.6952788,-9.2116396
,,38.8687463,-9.4277736
,,38.731638,-9.144146
,,41.0977667,-8.5890301
,,38.6907253,-9.301091999999999
,,38.767837,-9.099770999999999
,,38.7073912,-9.1498932
,,38.8165957,-9.12224
,,38.7107071,-9.3146176
,,38.7862737,-9.3482916
,,38.6523372,-9.160681499999999
,,38.7580423,-9.273880799999999
,,38.7008807,-9.2404066
,,38.7269996,-9.3410136
,,38.7686478,-9.161886
,,38.6479795,-9.0630769
,,38.6295896,-9.1547976
,,38.8735489,-9.056151999999999
,,38.7894952,-9.1792166
,,38.6847104,-8.613963
,,38.4594786,-9.1064512
,,38.7328192,-9.2807608
,,38.6541831,-9.0379147
,,38.7265869,-9.2846079
,,38.6616459,-9.1599144
,,38.7028805,-9.444648899999999
,,38.9409593,-9.029587
,,39.0558307,-9.385364899999999
,,38.6208994,-9.1269235
,,38.7929687,-9.1230845
,,38.8394392,-9.2549236
,,38.7004189,-9.1958726
,,38.7614688,-9.1857414
,,38.7520651,-9.134809299999999
,,38.7603576,-9.1808947
,,38.7572943,-9.3381568
,,38.629978,-9.1231069
,,38.7504093,-9.2986968
,,38.7530627,-9.1540888
,,38.7603011,-9.1542256
,,38.7252549,-9.3737312
,,38.4705222,-9.101726
,,38.7474371,-9.1656268
,,38.7125929,-8.9926927
,,38.7006205,-9.337569799999999
,,38.7981039,-9.147363799999999
,,38.8585242,-9.079893499999999
,,38.714426,-9.150458300000002
,,38.4524155,-9.1280618
,,38.7552992,-9.0977231
,,38.793219,-9.345913099999999
,,38.7418966,-9.210440900000002
,,38.7100076,-9.2157608
,,38.7918768,-9.3406383
,,38.6716943,-9.163338699999999
,,38.6011329,-9.1822192
,,38.7132548,-8.970450699999999
,,38.6538698,-9.149087699999999
,,38.7867039,-9.3327479
,,38.7268254,-9.128074699999999
,,38.791919,-9.1870183
,,38.8770989,-9.0859305
,,38.726429,-9.3310479
,,38.6683591,-9.1647649
,,38.7188434,-9.2575737
,,38.7544675,-9.1779466
,,38.7621935,-9.1799102
,,38.5617631,-9.038023599999999
,,38.6569698,-9.0607927
,,38.760978,-9.2253473
,,38.6516798,-9.163126199999999
,,38.7650011,-9.1984216
,,38.7145085,-9.2140679
,,38.6325536,-9.1934696
,,38.6900805,-9.327048300000001
,,38.6317359,-9.1512195
,,38.5379244,-8.8611867
,,38.7134836,-9.1444671
,,38.6513146,-9.1412914
,,38.7707394,-9.3129455
,,38.5282172,-8.869404000000001
,,38.52246150000001,-8.8611753
,,38.7589152,-9.2300218
,,38.7051189,-9.180517499999999
,,38.7777434,-9.235435899999999
,,38.7556344,-8.9605676
,,38.734179,-9.1472907
,,38.6799407,-8.932554999999999
,,38.779293,-9.095956100000002
,,38.5257618,-8.8777806
,,38.5266753,-8.8880743
,,38.8448564,-9.1621886
,,38.7952726,-9.1768356
,,38.7896385,-9.194682799999999
,,38.7129232,-9.1649461
,,38.7712244,-9.2005872
,,38.9529029,-8.9918475
,,38.6483272,-9.2336963
,,38.7218583,-9.1172463
,,38.6981338,-8.9520517
,,38.8018021,-9.180955299999999
,,38.7416798,-9.173318199999999
,,38.5694206,-8.8348959
,,38.8452831,-9.2233805
,,38.6429842,-9.1551297
,,38.7576164,-9.1247128
,,38.7898697,-9.1081518
,,38.70609140000001,-9.1864551
,,38.7765701,-9.106398500000001
,,38.707956,-9.2271394
,,38.7917682,-9.175040899999999
,,38.6588133,-8.9863237
,,38.7485277,-9.152495
,,38.7850148,-9.320926799999999
,,38.6735645,-9.1587233
,,38.6963738,-9.3098708
,,38.7109345,-9.2408862
,,38.8493124,-9.377628399999999
,,38.65596540000001,-9.173026499999999
,,38.7112862,-8.985057500000002
,,38.7165641,-9.2987094
,,38.7778295,-9.2238262
,,38.6985608,-9.2097746
,,38.8067552,-9.099145
,,38.6984156,-9.324038
,,38.7948754,-9.1726218
,,38.7529935,-9.1339902
,,38.6252357,-9.2039366
,,38.7981942,-9.348989399999999
,,38.6475873,-9.1830857
,,38.7577053,-9.2290478
,,38.745661,-9.2817563
,,38.9529029,-8.9918475
,,38.7736593,-9.1174086
,,38.7993058,-9.1665461
,,38.7529814,-9.135177299999999
,,38.9531765,-9.403824499999999
,,38.7500905,-9.2232848
,,38.6000265,-9.0918743
,,38.8410313,-9.191125699999999
,,38.862488,-9.3319066
,,38.7757565,-9.155100899999999
,,38.72435290000001,-9.1485358
,,38.6949999,-9.3126418
,,38.6458161,-9.2407551
,,38.7518034,-9.1981001
,,38.6101913,-9.1258833
,,38.747712,-9.2814318
,,38.7162785,-9.1294468
,,38.7083107,-9.161598
,,38.6917133,-9.362485999999999
,,38.7020896,-9.188597
,,38.663657,-9.2029947
,,38.7170934,-9.152407199999999
,,38.6544108,-9.007164999999999
,,38.7168657,-9.1555611
,,38.5627873,-9.053502
,,38.7174099,-9.3921133
,,38.7780304,-9.1264839
,,38.7345401,-9.3046086
,,38.6146812,-9.1089688
,,38.9042348,-9.044578999999999
,,38.7384512,-9.147905699999999
,,38.7171738,-9.3407931
,,38.8748145,-9.0854608
,,38.7383437,-9.1395273
,,38.6994917,-9.2104663
,,38.6298918,-9.1244432
,,38.70167120000001,-9.1875836
,,38.7046582,-9.2134992
,,38.53201749999999,-8.868218599999999
,,38.799247,-9.3760339
,,38.7809789,-9.1499437
,,38.7484735,-9.3377432
,,38.7309549,-9.406385799999999
,,38.641881,-9.097576
,,38.7079633,-9.1957095
,,38.7696203,-9.229503500000002
,,38.7912551,-9.3728151
,,38.76364770000001,-9.2630344
,,38.87598570000001,-9.072220699999999
,,38.607092,-9.1283479
,,38.7088488,-8.974369099999999
,,38.6719395,-9.2321513
,,38.700892,-9.4394663
,,38.8536104,-9.326560299999999
,,38.8037358,-9.1866449
,,38.7673758,-9.1505894
,,38.6623218,-9.0773712
,,38.7170934,-9.152407199999999
,,38.6865571,-8.6606749
,,38.6254582,-9.1208074
,,38.6306555,-9.163411199999999
,,38.7693888,-9.1634321
,,38.5717492,-8.876565399999999
,,38.734407,-9.2172114
,,38.6214603,-8.8515483
,,38.7017125,-9.2867119
,,38.7311355,-9.1469038
,,38.7942717,-9.1944128
,,38.6208994,-9.1269235
,,38.753694,-9.1307844
,,38.7385041,-9.1560069
,,38.8026241,-9.183988099999999
,,38.7139491,-9.329806
,,38.6982623,-9.204432899999999
,,38.6854185,-9.318294
,,38.8364211,-9.0981962
,,38.9585156,-8.9954505
,,38.694753,-9.294736
,,38.9952974,-8.9768844
,,38.9748151,-8.9827636
,,38.7156121,-9.160989899999999
,,38.7061387,-9.242466
,,38.7003686,-9.4290775
,,38.665308,-9.050091
,,38.8031788,-9.1629125
,,38.8748145,-9.0854608
,,38.9285958,-9.0116643
,,38.77545140000001,-9.2612185
,,38.6706122,-9.1651774
,,38.6168709,-9.083106299999999
,,38.7378531,-9.1605805
,,38.7654515,-9.3229297
,,38.8117468,-9.2287805
,,38.6820102,-9.3266549
,,38.8639164,-9.1927607
,,38.7917652,-9.3800568
,,38.7557017,-9.1260917
,,38.5747569,-8.833678599999999
,,38.8211863,-9.0961567
,,38.7129221,-9.164341199999999
,,38.7612471,-9.2763331
,,38.78117040000001,-9.303504
,,38.7025649,-9.291901200000002
,,38.8238206,-9.1439051
,,38.62130459999999,-9.1295555
,,38.6285472,-9.115772399999999
,,38.6193387,-9.1925163
,,38.6996231,-9.3795161
,,38.7136876,-9.3486663
,,38.540192,-8.8076847
,,38.7995291,-9.446823799999999
,,38.6520326,-8.9725953
,,38.7932565,-9.097626199999999
,,38.6476362,-9.2389768
,,38.8038499,-9.3789418
,,38.7334474,-9.1397959
,,38.71267,-9.1680964
,,38.7122013,-9.1499531
,,38.7563043,-9.238277
,,38.7129791,-9.2406509
,,38.5783043,-8.7644253
,,38.5260965,-8.902020799999999
,,38.5296224,-8.8938721
,,38.7761178,-9.2739674
,,38.7046039,-9.1649026
,,38.72877150000001,-9.3831664
,,38.7901535,-9.2309225
,,38.7103231,-8.9911808
,,38.7074387,-9.2260295
,,38.6980923,-9.2964138
,,38.7007653,-9.2334826
,,38.7796234,-9.1033671
,,38.7713313,-9.100853899999999
,,38.6205651,-9.1124206
,,38.6544667,-9.0384902
,,38.7116019,-9.1339629
,,38.5455844,-9.017265499999999
,,38.7542531,-9.286855899999999
,,38.6034019,-8.817577100000001
,,38.7683818,-9.2268001
,,38.7141584,-9.1242874
,,38.706948,-9.143923299999999
,,38.7032718,-9.3677859
,,38.5983349,-9.0969305
,,38.7806481,-9.2271664
,,38.9485553,-9.0386984
,,38.9874448,-9.243670600000002
,,38.7759428,-9.2840739
,,38.4721939,-9.1094903
,,38.6964867,-9.323639799999999
,,38.7476404,-9.1056715
,,38.7139516,-9.4188347
,,38.8428522,-9.2724083
,,38.5439154,-8.8485864
,,38.6994221,-9.2207825
,,38.8015766,-9.345567899999999
,,38.7910945,-9.207875099999999
,,38.7697478,-9.161836
,,38.7746508,-9.357418299999999
,,38.5550092,-9.0507381
,,38.5669262,-9.0642217
,,38.7877943,-9.188450699999999
,,38.6706243,-9.0042037
,,38.7361237,-9.2121157
,,38.5335555,-8.892300400000002
,,38.7501817,-9.209462799999999
,,38.8094075,-9.2182047
,,38.6161149,-9.1040292
,,38.7023575,-9.3620085
,,38.6243254,-9.102992
,,38.7636917,-9.2246806
,,38.8513867,-9.0811273
,,38.6989335,-8.955336700000002
,,38.7577162,-9.2443495
,,38.7122194,-9.2461679
,,38.80091609999999,-9.187661499999999
,,38.8053082,-9.3390309
,,38.5483643,-8.9917412
,,38.7569676,-9.2411672
,,38.8018708,-9.1282529
,,38.7080184,-9.160130700000002
,,38.7120194,-9.4081469
,,38.5383311,-8.8560894
,,38.7856667,-9.1136754
,,38.6568079,-9.1529134
,,38.7026658,-8.9492966
,,38.6962053,-9.3399971
,,38.7552278,-9.2312373
,,38.8275565,-9.174995599999999
,,38.7583664,-9.1219668
,,38.7401796,-9.1653754
,,38.5453042,-8.8174428
,,38.7262272,-9.2768711
,,38.772592,-9.2960076
,,38.706948,-9.143923299999999
,,38.7078229,-9.2070318
,,38.6722006,-9.156574299999999
,,38.5514428,-9.0541837
,,38.7200083,-9.302104400000001
,,38.5227818,-8.8760964
,,38.8410354,-9.1942413
,,38.7921512,-9.1083643
,,38.7138901,-9.145399099999999
,,38.6288654,-8.911253799999999
,,38.9155079,-9.320559399999999
,,38.7382012,-9.140320800000001
,,38.721623,-9.2639406
,,38.6654132,-9.0694911
,,38.4488162,-9.103543799999999
,,38.6936771,-9.3204972
,,38.65052670000001,-9.163523399999999
,,38.8275565,-9.174995599999999
,,38.6610235,-9.0849859
,,38.6506601,-9.0449407
,,38.7087524,-9.2339159
,,38.7825599,-9.3675686
,,38.7938022,-9.3289181
,,38.6997623,-9.1814067
,,38.6378594,-9.163705
,,38.7704302,-9.108274999999999
,,38.7273717,-9.242679899999999
,,38.7088165,-9.3770629
,,38.6269273,-9.154375
,,38.7569136,-9.2821044
,,38.7968163,-9.3340015
,,38.708366,-9.146455699999999
,,38.7188316,-9.125720900000001
,,38.7212671,-9.2237587
,,38.7010686,-9.354969900000002
,,38.7923811,-9.1430863
,,38.8130444,-9.361375899999999
,,38.5610443,-9.044532499999999
,,38.5627474,-9.079393099999999
,,38.6227786,-9.094176
,,38.5212706,-8.8264164
,,38.7651108,-9.199756899999999
,,38.7606439,-9.3275838
,,38.6576979,-9.0663764
,,38.7506151,-9.1310936
,,38.7474847,-8.963765
,,38.6992968,-9.181663799999999
,,38.78186360000001,-9.3229262
,,38.76837829999999,-8.626351699999999
,,38.7186143,-8.9977323
,,38.710063,-9.160512299999999
,,38.6548966,-8.9920651
,,38.6636206,-9.196711299999999
,,38.69926299999999,-9.2068664
,,38.9930005,-8.972828999999999
,,38.77719829999999,-9.1545987
,,38.56947359999999,-8.8988438
,,38.71865520000001,-9.262188199999999
,,38.7122902,-9.1588616
,,38.8145098,-9.1179622
,,38.7924825,-9.1759998
,,38.7162864,-9.158090099999999
,,38.7910945,-9.207875099999999
,,38.6517525,-8.9724998
,,38.5967944,-9.0193888
,,38.7572445,-9.2674246
,,38.7322742,-9.1619954
,,38.7445554,-9.1323516
,,38.7598266,-9.1734876
,,38.5726886,-9.0491505
,,38.7100003,-9.1452493
,,38.6315411,-8.9161926
,,38.80202,-9.1293354
,,38.8191023,-9.3967108
,,38.5273999,-8.891667
,,38.6947257,-9.3498377
,,38.7318257,-9.1436545
,,38.7447168,-9.1206271
,,38.6290665,-9.1828766
,,38.7961483,-9.1730661
,,38.8347167,-9.1044855
,,38.8048959,-9.339326999999999
,,38.69950559999999,-9.2103975
,,38.6212664,-8.9207438
,,38.9013763,-9.1169607
,,38.8276523,-9.1632876
,,38.7094627,-9.192908899999999
,,38.71332580000001,-9.3641575
,,38.9328768,-9.327861
,,38.6569698,-9.0607927
,,38.7514189,-9.281680699999999
,,38.7563807,-9.167605499999999
,,38.6556697,-9.071069099999999
,,38.7737931,-9.2891599
,,38.55716839999999,-8.9653511
,,38.5859812,-8.6908677
,,38.6632827,-9.0647947
,,38.6182312,-9.1206265
,,38.6865461,-9.3442783
,,38.7562798,-9.2338942
,,38.75361729999999,-9.1372579
,,38.6760874,-9.1685781
,,38.7506637,-9.203598
,,38.8211013,-9.123295
,,38.6533925,-9.182849
,,38.656108,-9.0414811
,,38.6664379,-9.1891369
,,38.6527958,-9.0059902
,,38.7149411,-9.1491454
,,38.75826,-9.2501455
,,38.7174962,-9.1390349
,,38.699768,-9.3790517
,,38.6988739,-9.3364891
,,38.61322570000001,-8.8803311
,,38.7488253,-9.1866024
,,38.7079633,-9.1957095
,,38.6847266,-9.336284299999999
,,38.730171,-9.2810641
,,38.746496,-9.388123
,,38.7567996,-9.097291199999999
,,38.657531,-9.1529892
,,38.734871,-9.405681
,,38.6871927,-9.150263400000002
,,38.8019385,-9.1222259
,,38.72669,-9.16854
,,38.6654132,-9.0694911
,,38.7558204,-9.2052186
,,38.7337759,-9.2145993
,,38.7452159,-9.2246341
,,-23.3995055,-46.428493
,,38.7597173,-9.130457999999999
,,38.700874,-9.3416561
,,38.729176,-9.1338706
,,38.9409803,-8.999931199999999
,,38.6114772,-9.0911875
,,38.7384452,-9.1618245
,,38.8388206,-9.1561553
,,38.5713565,-9.081228099999999
,,38.8895226,-9.0365522
,,38.7738729,-9.173610199999999
,,38.9338155,-9.2593303
,,38.6275536,-9.205197199999999
,,38.5346328,-8.8931724
,,38.7829448,-9.3029614
,,38.7976507,-9.1817807
,,38.770961,-9.285106599999999
,,38.7916481,-9.1899455
,,38.7421833,-9.1968789
,,38.7208455,-9.2596595
,,38.7978196,-9.329799200000002
,,38.6263792,-9.0336151
,,38.71009850000001,-9.2411634
,,38.7981793,-9.3108317
,,38.712265,-9.142377999999999
,,38.733134,-9.141343299999999
,,38.8795138,-9.2787693
,,38.73713499999999,-9.2138318
,,38.7050196,-9.2717347
,,38.5576151,-9.0412204
,,38.7090777,-9.3735733
,,38.7305165,-9.3178945
,,38.8001071,-9.177869
,,38.7168897,-9.3279002
,,38.5508914,-9.0546378
,,38.7570418,-9.2359022
,,38.7696382,-9.3817246
,,38.6957105,-9.3040954
,,38.7292827,-8.972753500000001
,,38.7898352,-9.1745913
,,38.644199,-9.1576819
,,38.6380213,-9.1506322
,,38.6314098,-9.0330567
,,38.6578192,-9.058775599999999
,,38.7344971,-9.137746
,,38.7084023,-8.9711257
,,38.7189036,-9.156212499999999
,,38.7533464,-9.1115494
,,38.7207024,-9.130073699999999
,,38.6243494,-9.098262199999999
,,38.6520326,-8.9725953
,,38.7445246,-9.1076985
,,38.8064398,-9.3554893
,,38.6526305,-9.154697299999999
,,38.706315,-9.2755269
,,38.700701,-9.195894
,,38.6434243,-9.1583743
,,38.703473,-9.2977203
,,38.8446045,-9.0898713
,,38.714394,-9.2324179
,,38.7856843,-9.097126200000002
,,38.8943954,-9.043775799999999
,,38.852917,-9.1672815
,,38.5190939,-9.0186222
,,38.6467223,-9.1480367
,,38.9281235,-9.008664999999999
,,38.6563193,-9.2379944
,,38.6842255,-9.1537771
,,38.7391537,-9.1564939
,,38.7458575,-9.156254
,,38.9074743,-9.0503122
,,38.854019,-9.077316200000002
,,38.9433409,-9.33835
,,38.9124887,-9.1330789
,,38.6988846,-9.354070799999999
,,38.7997661,-9.3923466
,,38.7882313,-9.105899100000002
,,38.7425094,-9.215128499999999
,,38.767837,-9.099770999999999
,,38.6966741,-9.294891699999999
,,38.6733281,-9.156671
,,38.7931237,-9.1807517
,,38.5338171,-8.8802034
,,38.5260719,-8.9023741
,,38.7614688,-9.1857414
,,38.6261686,-9.121557899999999
,,38.7084904,-9.2295728
,,38.7526949,-9.1553737
,,38.6296361,-9.100988
,,38.8446954,-9.3163241
,,38.7245011,-9.1561332
,,38.7503128,-9.213255
,,38.7229543,-9.1512609
,,38.6976547,-9.2189625
,,38.93256239999999,-9.018073
,,38.7086553,-9.3738992
,,38.8594653,-9.3243686
,,38.81403390000001,-9.131481299999999
,,38.70884270000001,-8.987041999999999
,,38.7265491,-9.156670799999999
,,38.4577894,-9.1061684
,,38.7286587,-9.1446865
,,38.6853055,-8.947081899999999
,,38.8029465,-9.4565517
,,38.8389752,-9.169489200000001
,,38.7128935,-8.959411
,,39.00861889999999,-9.387689499999999
,,38.8036971,-9.227231
,,38.7107118,-9.1939067
,,38.7278042,-9.242513899999999
,,38.7129791,-9.2406509
,,38.6382942,-9.0963608
,,38.9165328,-9.3830057
,,38.6308115,-9.1375947
,,38.7934685,-9.3125105
,,38.7163426,-9.1506554
,,38.9170437,-9.0258503
,,38.6885629,-9.3540318
,,38.89712069999999,-9.2522203
,,38.6831096,-9.1546463
,,38.6906348,-9.3386101
,,38.7950762,-9.150263899999999
,,38.7157249,-8.9682861
,,38.6923294,-9.345075399999999
,,38.7350161,-9.1371492
,,38.7393715,-9.1218051
,,38.6915872,-9.3469818
,,38.7191033,-9.1666487
,,38.9397031,-9.3679662
,,38.7088758,-9.424803599999999
,,38.9735386,-9.3282166
,,38.7184074,-9.2550618
,,38.6649888,-8.924956400000001
,,38.9533726,-8.9991371
,,38.732442,-9.205837899999999
,,38.7160209,-9.2622989
,,38.7499059,-9.2033671
,,38.6903976,-9.3324483
,,38.839462,-9.1606047
,,38.7980971,-9.310859299999999
,,38.7689368,-9.3799907
,,38.7091437,-9.419095
,,38.7186893,-9.4104403
,,38.7298134,-9.211247
,,38.6456074,-9.0529897
,,38.7105914,-8.9183451
,,38.7084462,-8.9738145
,,38.7606194,-9.2647291
,,38.7995291,-9.446823799999999
,,38.6509451,-9.0576973
,,38.8136177,-9.2543442
,,38.7593802,-9.1644764
,,38.7801706,-9.2125984
,,38.7083107,-9.161598
,,38.9529029,-8.9918475
,,38.7818201,-9.2062606
,,38.6533331,-9.174163499999999
,,38.7395407,-9.1559297
,,38.70626559999999,-9.4045417
,,38.7935227,-9.1083683
,,38.6890957,-9.3251043
,,38.7636566,-9.110914200000002
,,38.73672699999999,-9.2184036
,,38.8596242,-9.076244299999999
,,38.6457077,-9.1861898
,,38.7402739,-9.1382859
,,38.7514288,-9.351735099999999
,,38.7422399,-9.1747315
,,38.5297617,-8.9922611
,,38.7066206,-9.1991895
,,38.6598141,-9.156132
,,38.7211034,-9.4107486
,,38.5477752,-9.0246664
,,38.7781082,-9.0933574
,,38.8129471,-9.167566899999999
,,38.6369741,-8.8750719
,,38.77632819999999,-9.1163897
,,38.74659940000001,-9.107031
,,38.4748005,-9.0902085
,,38.6533362,-9.0432994
,,38.777605,-9.1447326
,,38.7722844,-9.377146
,,38.7037049,-9.1852746
,,38.6416621,-9.1531888
,,38.7084754,-8.9222831
,,38.6971298,-9.3733884
,,38.72315529999999,-9.1532868
,,38.7746875,-9.2979758
,,38.7602726,-9.1702148
,,38.7445554,-9.1323516
,,38.7384512,-9.147905699999999
,,38.7994383,-9.134915399999999
,,38.8053082,-9.3390309
,,38.698966,-9.2042773
,,38.753914,-9.157814
,,38.74529980000001,-9.1809125
,,38.7480711,-9.2290925
,,38.7690726,-9.226947599999999
,,38.7009196,-9.2366606
,,38.734067,-9.234244
,,38.7083107,-9.161598
,,38.7426604,-9.181452499999999
,,38.6334768,-9.161252
,,38.7194597,-9.1182429
,,38.5302714,-8.8675755
,,38.7940287,-9.1794386
,,38.6494479,-9.0522566
,,38.7343053,-9.407548199999999
,,38.6809716,-8.9839751
,,38.8043633,-9.1928472
,,38.7227505,-9.224985
,,38.6566178,-9.075325699999999
,,38.4577894,-9.1061684
,,38.7834026,-9.143760799999999
,,38.7131893,-9.330049599999999
,,38.7701265,-9.0964266
,,38.6495895,-9.190952
,,38.7635073,-9.2053911
,,38.7666622,-9.161614199999999
,,38.5678213,-9.0914386
,,38.6679349,-9.1931596
,,38.565916,-9.0900547
,,38.7709802,-9.109907000000002
,,38.6578475,-9.065209699999999
,,38.6834663,-9.3171465
,,38.8642785,-9.0931724
,,38.9972007,-9.3284411
,,38.8275565,-9.174995599999999
,,38.7327654,-9.1623818
,,38.52246150000001,-8.8611753
,,38.8008247,-9.368342199999999
,,38.52571030000001,-8.859951299999999
,,38.744751,-9.2147495
,,38.9529029,-8.9918475
,,38.9056706,-9.0425305
,,38.8676412,-9.066837999999999
,,38.640034,-9.1001718
,,38.7727255,-9.3014352
,,38.7046039,-9.1649026
,,38.6994883,-9.2128248
,,38.5628056,-9.091866699999999
,,38.7008029,-9.2771873
,,38.6610874,-9.154780800000001
,,38.8238381,-9.096067699999999
,,38.7097923,-9.1301344
,,38.7507028,-9.2002889
,,38.8436205,-9.1612108
,,38.7056881,-9.1991278
,,38.6470928,-9.2015602
,,38.9570512,-8.9891539
,,38.7947748,-9.336969700000001
,,38.9389079,-9.333488599999999
,,38.8025995,-9.1607507
,,38.6511807,-9.0626248
,,38.7104364,-9.40047
,,38.6871656,-9.3477841
,,38.6769664,-9.176217399999999
,,38.7172372,-9.159867799999999
,,38.6227668,-8.8697942
,,38.7800957,-9.159280299999999
,,38.7860711,-9.114303999999999
,,38.7302678,-9.407079999999999
,,38.6646755,-9.076324999999999
,,38.7026164,-9.3457856
,,38.7255792,-9.1203758
,,38.6997802,-9.246427599999999
,,38.5291522,-8.9924988
,,38.7859893,-9.3048077
,,38.6985489,-9.419163
,,39.0222287,-9.370209
,,38.7861334,-9.3730921
,,38.7891442,-9.349473399999999
,,38.5678213,-9.0914386
,,38.8036105,-9.228065299999999
,,38.8008247,-9.368342199999999
,,38.8010032,-9.2602788
,,38.8733707,-9.0789452
,,38.767176,-9.163666
,,38.7561267,-9.2454436
,,38.7098109,-9.151606100000002
,,38.79637049999999,-9.123066
,,38.711273,-8.9679086
,,38.5537182,-9.081512499999999
,,38.7350389,-9.3843935
,,38.730171,-9.2810641
,,38.7230002,-9.351703299999999
,,38.7643192,-9.1568322
,,38.7243927,-9.2229983
,,38.5257534,-8.877182699999999
,,38.74304739999999,-9.2192636
,,38.6630598,-9.1571927
,,38.7260788,-9.1169268
,,38.5469381,-9.0217665
,,38.6712588,-9.1889901
,,38.630958,-8.9152211
,,38.7179661,-9.2916363
,,-20.4472005,-54.6020159
,,38.7838837,-9.1759904
,,38.8365604,-9.0963461
,,38.7092899,-8.8972014
,,38.8267099,-9.097356999999999
,,38.6683591,-9.1647649
,,38.5262659,-8.8664183
,,38.7127303,-9.2016779
,,38.7537219,-9.232170499999999
,,38.7381525,-9.1407872
,,38.710421,-9.241576799999999
,,38.9572869,-9.3384714
,,38.85880840000001,-9.4137978
,,38.671497,-9.168134
,,38.75448919999999,-9.132460499999999
,,38.7331508,-9.394227599999999
,,38.7043344,-8.954516
,,38.6146597,-9.1106564
,,38.9542098,-9.338830699999999
,,38.5684425,-9.092949599999999
,,38.86612119999999,-9.0631912
,,38.65130389999999,-9.0592685
,,38.7495143,-9.1943184
,,38.7489663,-9.1503436
,,38.7505433,-9.350102399999999
,,38.67292399999999,-9.168838700000002
,,38.9210249,-9.2126117